4117868952486461	1
4126101586242226	1
4130516007157600	1
4130635217775228	1
4130835869482948	1
4130985703108489	1
4131348875276004	1
4131688336411876	1
4131688353714701	1
4132623754328245	1
4132761347932187	1
4134257703819865	1
4134830562430435	1
4134837227022103	1
4134846139483054	1
4136363311633736	1
4137753090128956	1
4137800490022979	1
4137828881196885	1
4138386962407117	1
4139219276075055	1
4139296883523255	1
4139568238103496	1
4140780539382412	1
4141026715302602	1
4141171284964385	1
4141671823812759	1
4141720733544884	1
4141985889714590	1
4142159646913088	1
4142228970175567	1
4142494113365490	1
4142517374637687	1
4142759227473721	1
4142900571253321	1
4142904202792084	1
4142981864391449	1
4143125503220682	1
4144043832899442	1
4144432343174646	1
4145427638427873	1
4146784118452472	1
4147147899381158	1
4149269046381490	1
4149686400818699	1
4152969731219234	1
4153647912256418	1
4160558137746213	1
4161648153251699	1
4166481267000689	1
4174329010444925	1
4176613769856032	1
4176657448724642	1
4177012794753507	1
4182639177014451	1
4183033810721737	1
4183360647374308	1
4183361095817384	1
4183672972372584	1
4183735467211765	1
4184485518460703	1
4184493751554225	1
4188090072867618	1
4188485466699876	1
4188934621213604	1
4189484251114333	1
4192237690629957	1
4192608945358498	1
4193260307792497	1
4195372307586409	1
4198735481887113	1
4198919120700257	1
4199249849133327	1
4202305274433368	1
4206158107313547	1
4206956459426941	1
4211238172417732	1
4211401809283472	1
4211973367683668	1
4213024178709877	1
4214922353543684	1
4215223458405811	1
4215674077927466	1
4215948300944595	1
4219304947238894	1
4222465306009509	1
4227350612506552	1
4228487469979326	1
4232078364793371	1
4232296368662056	1
4232432004249574	1
4233535487856306	1
4233536057425029	1
4233557603518909	1
4233693301980579	1
4233809065155683	1
4233819214758067	1
4233901670921637	1
4234031866356812	1
4234084337297696	1
4234113432722500	1
4234828075240769	1
4236046944195516	1
4236359520351129	1
4236399772992691	1
4236803734925441	1
4237652099717653	1
4238257011450710	1
4238272744131445	1
4238518295156143	1
4238533978134323	1
4238537069155673	1
4238544677740605	1
4238549798397190	1
4238570149789792	1
4238570807649511	1
4238571101125237	1
4238573685683882	1
4238584406589268	1
4238596452560263	1
4238623958493631	1
4238729940243575	1
4239528111325701	1
4239631757373980	1
4239981722129365	1
4240099669011597	1
4240308055343966	1
4242237372633377	1
4242832250452774	1
4242971089846411	1
4243138191485632	1
4243154188826924	1
4243535643925369	1
4245419787770683	1
4245457678977464	1
4245475441429832	1
4245767831540633	1
4245796926445335	1
4246010437474668	1
4246111373966930	1
4246221754831612	1
4246765617846928	1
4246806746998640	1
4247499276948173	1
4247888894250328	1
4247978736780775	1
4248044424010439	1
4248056167783906	1
4248582141463255	1
4250187390085755	1
4250521050847399	1
4250524398504634	1
4250557680036312	1
4250865902155231	1
4252179994847835	1
4252602819100532	1
4252623458069014	1
4252775053740959	1
4252968180415871	1
4253106251913760	1
4253113018012025	1
4253429511863024	1
4253442614093183	1
4253687834052945	1
4253876939036717	1
4253883046418707	1
4253952767650937	1
4253994551346871	1
4254055150804185	1
4254058346941137	1
4254064311355225	1
4254078089319199	1
4254166328683066	1
4254193978205602	1
4254211824228291	1
4254368990143916	1
4254431609904113	1
4254494894664624	1
4254521335070698	1
4254761689545611	1
4254876139550871	1
4254909324487555	1
4254913108593943	1
4255060558773132	1
4255060801815354	1
4255129551531542	1
4255147003491009	1
4255154104972228	1
4255158471279600	1
4255159238659122	1
4255167149031826	1
4255168385604159	1
4255192365425035	1
4255205962671551	1
4255208747362086	1
4255209368653247	1
4255220152359844	1
4255231682296654	1
4255266490914251	1
4255528303021529	1
4255659240868788	1
4255874656635529	1
4255921011934071	1
4256035055844212	1
4256064846964035	1
4256130526024111	1
4256195248372557	1
4256198154812303	1
4256236977251721	1
4256251783909914	1
4256422168966565	1
4257240679171011	1
4257328565622393	1
4257345486280970	1
4257348069567753	1
4257356085023760	1
4258731615297921	1
4258741089607955	1
4258741501617803	1
4258743367283310	1
4258754595351971	1
4258755619247243	1
4258883797627768	1
4258919574259106	1
4258922657141526	1
4259053871660967	1
4259054027027116	1
4259196926708872	1
4259462640440671	1
4259559659258724	1
4259827661924402	1
4260179090525833	1
4260743060349568	1
4260894478838232	1
4260951848723219	1
4261016717499538	1
4261067015964075	1
4261088272621995	1
4261594076789368	1
4261608979550484	1
4261646970899142	1
4261654264966888	1
4261656244489893	1
4262674705273533	1
4262911612075136	1
4263510680284239	1
4263532629061824	1
4265417323400746	1
4265443243344422	1
4265783548962892	1
4265866126032285	1
4265980659795496	1
4266103842177305	1
4266378908784834	1
4266463257019299	1
4266783551244297	1
4266793452740463	1
4266862914738735	1
4266890815749199	1
4267120877620396	1
4267131065227747	1
4267771473285906	1
4267867803247316	1
4267889777736329	1
4267975089415175	1
4268594331733475	1
4268647457018225	1
4268888469821314	1
4268916480628859	1
4268932775344192	1
4268940479690423	1
4269030187294976	1
4269051418658859	1
4269057240548460	1
4269071270469438	1
4269569817906824	1
4269599526269004	1
4269605721729628	1
4269635333034833	1
4270022085948342	1
4270029225077449	1
4270038053341036	1
4270673704585310	1
4270775172678584	1
4270883537856992	1
4272227132547393	1
4272269427733769	1
4272986897344832	1
4273014499301432	1
4273043582741500	1
4273074310845536	1
4273384134909146	1
4274018192318449	1
4274105031838634	1
4274106692279377	1
4274456400896234	1
4275590662141394	1
4275817875349954	1
4275840327866209	1
4275912999107773	1
4275947333176806	1
4276120612340395	1
4276271825748479	1
4276280411289788	1
4276712206056258	1
4277648987254051	1
4278627253942310	1
4278655016895107	1
4278714483041417	1
4279009992874805	1
4281811293029335	1
4281992310976658	1
4282307101916712	1
4282788347350410	1
4283101541039435	1
4284555369961722	1
4284638296155291	1
4284647665624595	1
4284660928179896	1
4284661230204405	1
4284668193360930	1
4284674093929815	1
4284780907059988	1
4284794768232883	1
4284794852538144	1
4284806163908550	1
4284837525419798	1
4284840608124220	1
4284841606204104	1
4284844248798249	1
4284864771396549	1
4284868009878569	1
4284871721085769	1
4284873654737371	1
4284878641693092	1
4284878767509418	1
4284885307127755	1
4284886333846285	1
4284887021696224	1
4284921344058108	1
4284944635869790	1
4284953203907538	1
4284992001454900	1
4285044744355161	1
4285131428655336	1
4285179159684358	1
4286592556069124	1
4288311533145350	1
4289002938922483	1
4289050195775274	1
4293197951793262	1
4293261566778721	1
4297685454587809	1
4299359313141308	1
4303655639106859	1
4304170309551961	1
4306023411382911	1
4306053958830001	1
4309553489418259	1
4310928004879311	1
4311022297301420	1
4314227135300964	1
4317266122193870	1
4318250140146514	1
4318701119169142	1
4318706458294551	1
4318737240369130	1
4318960981311111	1
4319020578366481	1
4319086202713243	1
4319089452914430	1
4320388408719545	1
4321100164951913	1
4321438409952855	1
4321503879642440	1
4323086972501339	1
4323575542622631	1
4325507468807033	1
4325913351331774	1
4326294705002098	1
4328780758054410	1
4332412269600375	1
4336661544440918	1
4336719455261615	1
4337120909195771	1
4338282995186775	1
4340042312717259	1
4340799703421118	1
4340958156136072	1
4341075990049682	1
4343636260687395	1
4343875395017722	1
4345474129129617	1
4347635861103467	1
4347667050489874	1
4348352562708219	1
4348579143137582	1
4348745946871538	1
4348767581472317	1
4348789407983802	1
4349002746859051	1
4349039032614488	1
4349055847430629	1
4349092002232851	1
4349118849988438	1
4349125426007003	1
4349138742861791	1
4349173627814015	1
4349267651010566	1
4349321899496680	1
4349326437762133	1
4349376870389857	1
4349398522134727	1
4349406642174927	1
4349412367052929	1
4349416729117443	1
4349426643928808	1
4349427667682616	1
4349432554037475	1
4349443849142608	1
4349452355741797	1
4349473905910351	1
4349490821320236	1
4349491127264090	1
4349491643547950	1
4349510698015880	1
4349512095477873	1
4349512401701413	1
4349513186112215	1
4349523373828010	1
4349533405992263	1
4349672174518785	1
4349712939463164	1
4349723663410003	1
4349727543734134	1
4349741624139024	1
4349743566669578	1
4349743834138820	1
4349745600788812	1
4349774759086063	1
4349794728065718	1
4349821794498324	1
4349828299296326	1
4349842375509298	1
4349857902784377	1
4349961237756888	1
4350037671009963	1
4350041999128371	1
4350090242592898	1
4350091307681441	1
4350143996135102	1
4350208894610849	1
4350241303896823	1
4350252880390991	1
4350374360505002	1
4350415505641838	1
4350428357799800	1
4350429884688549	1
4350436452266752	1
4350449941391595	1
4350514155942103	1
4350532916867188	1
4350618174825985	1
4350725851137056	1
4350820038450305	1
4350960006065343	1
4350969838432661	1
4350974937639121	1
4351138800985636	1
4351273802928925	1
4351335514660915	1
4351521170548300	1
4351589076390862	1
4351926445369590	1
4352403933554429	1
4352985175824503	1
4353109184200288	1
4353515990655450	1
4356369987991572	1
4356708144830446	1
4357432610471909	1
4357437534959765	1
4358784761387544	1
4359832599234857	1
4360225466792187	1
4360930949528105	1
4361111782128876	1
4361119969909890	1
4361196020560336	1
4362096831531708	1
4362096902346173	1
4362100895522678	1
4362110031060240	1
4362124031468556	1
4363440187549714	1
4363831243476267	1
4363890047253162	1
4364720984869538	1
4365448797022232	1
4366236814852756	1
4367101181743882	1
4369609136220285	1
4370687924037516	1
4372034769043954	1
4372686757031815	1
4372688417803053	1
4373331132408528	1
4373574414712101	1
4374068914784792	1
4375628239377088	1
4375697332017978	1
4375798850905673	1
4376151688323014	1
4377596936891447	1
4377710765906298	1
4378670212697251	1
4379417847427886	1
4379588370696553	1
4379867829712622	1
4379951472166629	1
4380361314775180	1
4380524636217025	1
4380617502691169	1
4382628196676265	1
4382996750914084	1
4383456928928956	1
4383493205183888	1
4384348641487490	1
4384451926809160	1
4384493894429485	1
4384551252244760	1
4385245383880705	1
4386097344108118	1
4386099797069889	1
4386314092305333	1
4386495621989053	1
4386644222259976	1
4386649615823410	1
4386664183203085	1
4386695581562307	1
4386802704124694	1
4387410643304780	1
4387429857444768	1
4387495451894554	1
4387518864951103	1
4387551454090277	1
4387768777943371	1
4387923950304795	1
4387924755773633	1
4388479762800947	1
4388506983670045	1
4388571224089164	1
4388970282370733	1
4389015153236605	1
4389135475331326	1
4389156853587336	1
4389899681549814	1
4389904907277541	1
4389956639974902	1
4390664474947045	1
4391050476775885	1
4391869205167356	1
4391876117357332	1
4391890625770689	1
4392120594586612	1
4392218292451176	1
4392259208089704	1
4392281119259370	1
4392503878551983	1
4392582807038035	1
4393123700316919	1
4393544388991524	1
4394038545464393	1
4394068400109033	1
4394341885745379	1
4394493685804862	1
4394629942183975	1
4394748179303214	1
4394846624071541	1
4395068024759761	1
4395088388402519	1
4395208592489055	1
4395427828649775	1
4395531088322802	1
4395682418805111	1
4395690421587873	1
4395744180454339	1
4395897536333236	1
4396121214520751	1
4396851672914768	1
4397170503706811	1
4397567997369605	1
4397906712381852	1
4397945946634439	1
4397971699782177	1
4398038665558456	1
4398196119684094	1
4398206417350673	1
4399006081743172	1
4399071324348382	1
4399467039653445	1
4399747362693930	1
4399866933358754	1
4400530996439810	1
4400554367312619	1
4400962162939087	1
4401469622889058	1
4401832900091153	1
4401875120120338	1
4401965896830571	1
4402101494589538	1
4402336119673961	1
4402773976423838	1
4403415512012396	1
4403430153599981	1
4403477998381213	1
4403488702261603	1
4403492485101210	1
4403494976516020	1
4403719728448660	1
4403724900009313	1
4403814784212554	1
4404006673599530	1
4404116606799465	1
4404133304277188	1
4404493887761634	1
4405338725474055	1
4407243053034464	1
4407288263410884	1
4407454865376419	1
4407739961067674	1
4407980168185922	1
4408010644306132	1
4408113517735111	1
4408352446593166	1
4408444511149521	1
4408551818542186	1
4408861727017877	1
4409084897502687	1
4409183136536336	1
4409609701464262	1
4409976485304001	1
4410032881454802	1
4410193913626811	1
4410641894701956	1
4410942727469998	1
4411596774259288	1
4412836195746684	1
4413100184781113	1
4413106832778120	1
4413189640867384	1
4413279075880870	1
4413295576119834	1
4413308142354735	1
4413464262635389	1
4413997035998454	1
4414528014050304	1
4414968864601059	1
4415381462221235	1
4415728607846568	1
4416354025285126	1
4416496870258589	1
4416640407814633	1
4416802324701520	1
4417149629908799	1
4417246455152872	1
4417246564534560	1
4417281230266032	1
4417491864224218	1
4417532955850114	1
4417534461844099	1
4417566686482670	1
4417823914829475	1
4419011184260463	1
4419241820804503	1
4419268881807564	1
4419712441916557	1
4419772168901505	1
4419777861224245	1
4420674754366890	1
4421012399305573	1
4421289097921524	1
4421481624622958	1
4422332866914914	1
4422895092187321	1
4423564067307032	1
4424072198863234	1
4425991722145954	1
4426004992486595	1
4426005391024610	1
4426334266766104	1
4426487924677384	1
4426597794512584	1
4426660080496950	1
4426681328797782	1
4426682976849848	1
4427004940490649	1
4427025500293685	1
4427337745333024	1
4427403457832758	1
4427994569027679	1
4428140396524637	1
4428742866624144	1
4428840312709784	1
4429205310236770	1
4429351816563638	1
4429357810951138	1
4429422662509828	1
4429736702800552	1
4429777416654803	1
4429797503127186	1
4431964196996653	1
4432907345065739	1
4433111582940767	1
4433534263018974	1
4434277107898731	1
4434510747405631	1
4435034943237772	1
4436169985412816	1
4436332342334790	1
4436494082687878	1
4436738258707339	1
4436935579674040	1
4437542524864757	1
4437829821988894	1
4437889615890839	1
4437944255326863	1
4438124438370123	1
4438143225248018	1
4438274913520057	1
4438649632746056	1
4438661824813551	1
4438680510584029	1
4438841454610740	1
4438869979706986	1
4438876334578926	1
4438900313194303	1
4438906243923128	1
4438912338135450	1
4438978054616219	1
4440133166201664	1
4440759170025394	1
4440774286270127	1
4440832381641345	1
4440980725854317	1
4441160090919195	1
4441369248771494	1
4441370594825112	1
4441396247379413	1
4441396758527234	1
4441427637186836	1
4441460122740651	1
4441522462073719	1
4441711650202075	1
4442482563129883	1
4442872469940026	1
4442881147810710	1
4442938144694889	1
4443463137315707	1
4443638081667738	1
4443686991646020	1
4443873231241089	1
4443876280092807	1
4444293064250331	1
4444774448397394	1
4445529813293166	1
4446207759774870	1
4446238214696112	1
4446368737638341	1
4446480863403979	1
4446788457046944	1
4446914923321498	1
4446949975798918	1
4446999241778428	1
4447624008285727	1
4448258438472440	1
4448280219673997	1
4448286146052154	1
4448806952832638	1
4449085488341130	1
4449086037736387	1
4449088542065775	1
4449089406163030	1
4449092375243007	1
4449107835761510	1
4449119927634023	1
4449142644804670	1
4449833777121563	1
4449913871697608	1
4450880516144300	1
4453659896920065	1
4454062805808729	1
4454497000390974	1
4455289413803126	1
4456189024489874	1
4457336892653529	1
4457490680608124	1
4457668599572531	1
4457795606651948	1
4457800547667828	1
4458105821420174	1
4458558173383130	1
4459667872620338	1
4459898789817099	1
4459915760732970	1
4459926313231393	1
4460075001454184	1
4460632189784012	1
4460694277575736	1
4461039011761541	1
4461127268270115	1
4461460388440723	1
4462050850090153	1
4462131783486006	1
4463812289565427	1
4463864542084593	1
4463962899193527	1
4463989738013419	1
4464157032449950	1
4464405754101606	1
4464424708945078	1
4464425057122646	1
4464544371580509	1
4464548373717200	1
4464583068143170	1
4464597853984443	1
4464622066851902	1
4464641235049743	1
4465002524434627	1
4465013860959767	1
4465266631436753	1
4465698426308836	1
4465709386122602	1
4466171908922564	1
4466178346708147	1
4466180108652839	1
4466209929660387	1
4466353878475240	1
4466411679787090	1
4467150859023413	1
4467645782908291	1
4467647159014178	1
4467648903330867	1
4467690675075747	1
4467779174701613	1
4467802263575612	1
4467811973481568	1
4467866693187633	1
4467911940553101	1
4467944107409588	1
4467956598085069	1
4468156439482840	1
4468226094679919	1
4468255982595993	1
4468264509587875	1
4468268116483760	1
4468290891762973	1
4468292070752392	1
4468311901129432	1
4468400484920631	1
4468437151892906	1
4468450380956473	1
4468590218829169	1
4468660947475097	1
4468664931312309	1
4468707273682051	1
4468707352850070	1
4468710095892412	1
4468722858772881	1
4468734179335233	1
4468788181458672	1
4468987704069525	1
4469019241437217	1
4469141572878943	1
4469289933551784	1
4469311550496174	1
4469391297282468	1
4469447743803129	1
4469658306840901	1
4470039111488996	1
4471135989228689	1
4471202221120305	1
4471315618321333	1
4472720135764687	1
4472732185602181	1
4472732978609200	1
4472860678527506	1
4473695546602906	1
4473760385747993	1
4473984592266957	1
4474031543453633	1
4474133725577308	1
4474138737189599	1
4474458733620328	1
4474926621242011	1
4475036943683410	1
4475371032157262	1
4475572442561086	1
4475584656719085	1
4475586367755809	1
4475608987487595	1
4475756648459998	1
4476326519678424	1
4476327648724813	1
4476336360333185	1
4476530686240299	1
4476557164501393	1
4477271970268191	1
4477291474369557	1
4477298525176167	1
4477397665116156	1
4477642529374198	1
4477868963207808	1
4478033416991255	1
4478295876028371	1
4479448759597171	1
4480173858609548	1
4480237675120756	1
4480314015375860	1
4480526889272663	1
4480553073837767	1
4480578185130010	1
4480615355752638	1
4480650641977503	1
4480667049883648	1
4480685471465375	1
4480694631841013	1
4480724843280578	1
4480950098227483	1
4481000438548343	1
4481465658065565	1
4481634772890713	1
4481686786521902	1
4481731782618005	1
4481743874571589	1
4481943066505766	1
4482014550060100	1
4482178933018926	1
4482779318634977	1
4482840396043993	1
4482853075065294	1
4482864957972766	1
4482869408132415	1
4482875883363090	1
4483019752161602	1
4483062220075317	1
4483097879401291	1
4483111977209110	1
4483113847712686	1
4483121754020133	1
4483214284421049	1
4483256977774112	1
4483416621404623	1
4483449521775662	1
4483491313839852	1
4483548738680117	1
4483625611879142	1
4484297988039255	1
4484316815877917	1
4484537956248597	1
4484556310438917	1
4484591757194577	1
4484598198988734	1
4484613327910155	1
4484619271218380	1
4484623058818303	1
4484641522658367	1
4484666294043164	1
4484680805727446	1
4484689815859780	1
4484800548711562	1
4484839317414051	1
4484848678636572	1
4484857625595261	1
4484857780383027	1
4484881444253599	1
4484889917357553	1
4484924646214272	1
4484940625966047	1
4485035925031019	1
4485182318938800	1
4485197225830912	1
4485238309012589	1
4485352738189991	1
4485352918065476	1
4485354545290431	1
4485360207543707	1
4485365895483616	1
4485367635697172	1
4485377286774332	1
4485397436470898	1
4485405347212967	1
4485410866412871	1
4485415891242315	1
4485420207444603	1
4485567305271511	1
4485582195881069	1
4485600192916690	1
4486079195034516	1
4486401313537625	1
4486998842987700	1
4487476947631214	1
4487537659890880	1
4488276205081623	1
4488447228073700	1
4488952616431675	1
4489013237188396	1
4489157537854740	1
4489686913353255	1
4490227291180732	1
4490325328631693	1
4490393342781000	1
4490603238711965	1
4490825545597664	1
4490837197081123	1
4490859091567548	1
4491808887207330	1
4491856031289527	1
4491909592236363	1
4492077833944504	1
4492182931192944	1
4492243567723169	1
4492466662816990	1
4492476557517221	1
4492491338513008	1
4492552512606817	1
4492572896988813	1
4492578093700253	1
4492585202161125	1
4492711040129638	1
4493887366294652	1
4493946904278122	1
4494001190794037	1
4494012184827909	1
4494815544688017	1
4495542212136388	1
4496262915060741	1
4496267985722945	1
4496880329195007	1
4496950882184601	1
4496983315877176	1
4496993022339494	1
4497317438929333	1
4497631877321000	1
4497719865196518	1
4497774458024769	1
4497968021848492	1
4498078633761611	1
4498261957911054	1
4498465209625052	1
4499105630281017	1
4499145345935559	1
4499238376255460	1
4499354645977625	1
4499526847647238	1
4499811959184591	1
4499830049029614	1
4499881295649859	1
4500087734806100	1
4500089550956284	1
4500169650257499	1
4500955020860144	1
4500996903967370	1
4501118216378381	1
4502303984807639	1
4502393666001433	1
4503026792649853	1
4503098700474042	1
4503182417548321	1
4503204794356378	1
4503309161155459	1
4503314249907131	1
4503314593579068	1
4503325943778976	1
4503328875077947	1
4503335053258805	1
4503365562667410	1
4503695246943551	1
4503756278381068	1
4503771256636999	1
4503772371584531	1
4503777472280671	1
4503782828605067	1
4503801569145394	1
4503805511676009	1
4504071794687057	1
4504133530861818	1
4504147443161584	1
4504234211424340	1
4504275168490442	1
4504432689141272	1
4504438410238742	1
4504487665274552	1
4506200290566348	1
4507107431103139	1
4507885043159778	1
4508549729777387	1
4508636544179171	1
4508816803285916	1
4509149189589401	1
4509415350764097	1
4509516492139193	1
4511163905527758	1
4511245720349177	1
4511356205706184	1
4511640840130376	1
4511940645701038	1
4512197747401288	1
4512201585545848	1
4512203220698148	1
4512209059939416	1
4512212191904276	1
4512224074311918	1
4512238129445283	1
4512254026360989	1
4512257000938702	1
4512341171371289	1
4512365734167705	1
4512368396595033	1
4512390232615304	1
4512419755958222	1
4512452036015523	1
4512464337160006	1
4512535027701018	1
4512535988231441	1
4512739084817161	1
4512931871680091	1
4512939800212168	1
4513822553142040	1
4514004653090589	1
4514273839217764	1
4514323210409733	1
4514373168765642	1
4515065657622854	1
4515309496653919	1
4515645495312752	1
4515674489611218	1
4515974663125272	1
4515992963238852	1
4516181488546634	1
4516900442324386	1
4516959720900535	1
4517034363688633	1
4517166274071703	1
4517198427133327	1
4517484856545834	1
4517645162816180	1
4517962906499274	1
4518950790995304	1
4519269801082761	1
4520054983482005	1
4520418167349302	1
4520820686436130	1
4520853871537428	1
4521540701871805	1
4521555487498529	1
4521575116119649	1
4522186067262488	1
4522861579998854	1
4522922465375375	1
4523018758791713	1
4523465434638942	1
4523675933756463	1
4523824437912894	1
4524004352736496	1
4524094709853552	1
4524456733644571	1
4525587568147806	1
4526641538634305	1
4526763647353659	1
4526957246646279	1
4528526734144512	1
4528856666740578	1
4529246699528161	1
4529904534949750	1
4530005881389911	1
4530022377327984	1
4530027406559879	1
4530215352809841	1
4530217202233703	1
4530222001301532	1
4530257888022446	1
4530259817398797	1
4530344864782095	1
4530392034446009	1
4530609219964543	1
4530618517689720	1
4530702328530702	1
4531026804870534	1
4532536149803629	1
4533782104769488	1
4534509057877585	1
4534711721922303	1
4535220999819667	1
4535293448030440	1
4535343162859036	1
4536011176544741	1
4536015941805962	1
4538154654637580	1
4538319356568614	1
4538434951578155	1
4538564119888715	1
4538690774763749	1
4538992924563894	1
4539069331939593	1
4539243428844580	1
4539475218138252	1
4539615756685100	1
4539653195565347	1
4539660912829080	1
4539937884738888	1
4539953557550133	1
4539958457010652	1
4539997106996025	1
4540373126614549	1
4541107680051867	1
4541835135943092	1
4541899455335790	1
4542941920502554	1
4543318355083513	1
4543722581143918	1
4544418033442980	1
4548589575735843	1
4548673863953152	1
4548942216036889	1
4548974117128020	1
4548982816638958	1
4548986680115355	1
4548987510850394	1
4549835850517319	1
4550452433396964	1
4550458829706760	1
4550486315238828	1
4553121688194907	1
4553834493903219	1
4554962929457465	1
4557431672147701	1
4557448327202621	1
4557528811185588	1
4557722940610510	1
4557737482264723	1
4557795427090814	1
4557810727655449	1
4557867842274729	1
4557870517719326	1
4557891724117250	1
4558031121291225	1
4558066655434615	1
4558092760787100	1
4558240211535057	1
4558460874401333	1
4558957185866854	1
4559129940857265	1
4559446409480180	1
4559959864640065	1
4560536236720668	1
4561120050027576	1
4561120159337605	1
4561308907736782	1
4561382307269202	1
4561462003770563	1
4561515421899582	1
4561849201202255	1
4562272478040753	1
4563088190211530	1
4563254477852912	1
4563801711576156	1
4563946185163710	1
4563970805989735	1
4564005492365783	1
4564020008854431	1
4564307381848231	1
4564722366812201	1
4564726958533956	1
4564800062101098	1
4566123582069293	1
4567810770472617	1
4567818701899212	1
4567956669077820	1
4568175029780855	1
4569390626119876	1
4569632432720105	1
4569671258868932	1
4569747733614694	1
4570404041525068	1
4570565870357363	1
4570753943737903	1
4571166112745125	1
4571439082766914	1
4571439925826405	1
4571815701125399	1
4572213984631134	1
4574330148881901	1
4574722237138861	1
4578802955458500	1
4579784624178623	1
4579786246849542	1
4579791313308396	1
4579817774661147	1
4579883420221869	1
4581040163400699	1
4581284120627283	1
4280856816780281	0
4336430383539699	0
4438251970303572	0
4455696466336167	0
4511111695141396	0
4519662556000120	0
4520716844652578	0
4532462443827552	0
4532469594858263	0
4532845325061962	0
4543940227761153	0
4544017754232467	0
4544096918046994	0
4544099896787222	0
4544106795382206	0
4544119231745291	0
4544130933597262	0
4548694761016395	0
4548809722432188	0
4550059642065574	0
4550509199099235	0
4550793380760116	0
4551529576802245	0
4554775008641976	0
4554810076697439	0
4554828120068350	0
4554870113439956	0
4554876203828087	0
4554927340264112	0
4555162725648194	0
4555363988807908	0
4555558939527234	0
4555585734058223	0
4555904769591560	0
4555925048269747	0
4555942475862386	0
4556027373027573	0
4564687725791354	0
4565020609880840	0
4565070174240490	0
4565307992311480	0
4565362646977735	0
4565469954834879	0
4565486484081268	0
4565635780578802	0
4565669255845629	0
4565688406513464	0
4565716110410988	0
4565726990700431	0
4565828839945647	0
4565862885100594	0
4565868384095026	0
4566022852447159	0
4566076531150561	0
4566090702920087	0
4566106595661706	0
4566179936485335	0
4566180465219906	0
4566198122989045	0
4566201114832294	0
4566218336643634	0
4566535614236266	0
4574425381340814	0
4574515201840139	0
4574912209756766	0
4575161205134145	0
4575451069288784	0
4575471684289433	0
4575659958207591	0
4576231599642093	0
4576568447862024	0
4576624182564899	0
4576722584339280	0
4576919700375308	0
4576933322949790	0
4577016080505677	0
4577052273410745	0
4577056871162380	0
4577078617576024	0
4577094345957729	0
4577094388688540	0
4577109819002979	0
4582476024384965	0
4587939419394349	0
4587953487878351	0
4588223727145852	0
4588240331355629	0
4588250406064145	0
4588270464009630	0
4588277560252779	0
4588299366441014	0
4588305351456127	0
4588312558055946	0
4588319117150591	0
4588325492769538	0
4588325903532263	0
4588339195304967	0
4588340240979333	0
4588344266990871	0
4588345524497297	0
4590800278921286	0
4591198683799032	0
4592983821263846	0
4594811652289897	0
4595766922053074	0
4596155328240732	0
4596987602928069	0
4597026296443267	0
4597324808729852	0
4597386310326174	0
4597922433868067	0
4598402639469190	0
4598455970573535	0
4598633557659989	0
4598643900285728	0
4598725911778951	0
4598741711204880	0
4598746703469528	0
4598760149882891	0
4598775135604873	0
4598777048992639	0
4598777262901762	0
4598785525158962	0
4598785949571053	0
4599013821913042	0
4599060948584196	0
4599102023930315	0
4599119270117500	0
4599120788461645	0
4599157820761810	0
4599194650162890	0
4599197049028667	0
4599339979117610	0
4599362443804749	0
4599365212050370	0
4599368663434891	0
4599371427220549	0
4599379703366974	0
4599392323504168	0
4599398862171087	0
4599409259588427	0
4599414843253897	0
4599432438617811	0
4599447932373805	0
4599450104244060	0
4599463038951605	0
4599465095206601	0
4599472254357221	0
4599499526243057	0
4599514608962785	0
4599516311325965	0
4599520245327032	0
4599520451103590	0
4599526713207569	0
4599527204725772	0
4599539815681494	0
4599542898754515	0
4599543376649698	0
4599544433880423	0
4599549534936092	0
4599552843189077	0
4599554123764539	0
4599554878483189	0
4599557407375467	0
4599557419438157	0
4599557449064026	0
4599559616992221	0
4599560134207576	0
4599564953452830	0
4599566920067515	0
4599570266857903	0
4599575065657653	0
4599882953000469	0
4599907052421989	0
4600579647870779	0
4600881280719112	0
4600989909266055	0
4601615144990304	0
4601970381292802	0
4603045168551195	0
4603060087430468	0
4603408684421198	0
4603813463590056	0
4604109913588771	0
4604473487922209	0
4604925281829909	0
4605965779087693	0
4606001699362139	0
4606404406805444	0
4607059578063222	0
4607148232806909	0
4607354844224961	0
4607404106845420	0
4607440199617322	0
4607449615564870	0
4607454442685133	0
4607459807986190	0
4607495891586863	0
4607651818243518	0
4607667097831184	0
4607713856717345	0
4607736370955818	0
4607770265654030	0
4607781569301740	0
4607781683074154	0
4607823368949034	0
4607915573390016	0
4608032099798114	0
4608080584905476	0
4608091134103360	0
4608135115837800	0
4608141809419674	0
4608142703070428	0
4608182763388964	0
4608196612196861	0
4608221115320878	0
4608253004094848	0
4608323162997018	0
4608419031416923	0
4608449009158556	0
4608450627111491	0
4608465718216875	0
4608520185450012	0
4608532538985168	0
4608539408993967	0
4608540574221435	0
4608548522430953	0
4608562426282569	0
4608607507711884	0
4608615073976173	0
4608615840746823	0
4608766685482638	0
4608784339045684	0
4608807755321093	0
4608819659281109	0
4608828630893686	0
4608859086527051	0
4608866274775253	0
4608870502371101	0
4608877566363613	0
4608880149791697	0
4608888895442578	0
4608896439949323	0
4608900215081003	0
4608935451690409	0
4608954322126854	0
4608973451563985	0
4608990871295086	0
4608997325805383	0
4609022315726208	0
4609168148005920	0
4609183511481969	0
4609186585643342	0
4609195967778730	0
4609198460243086	0
4609208274653425	0
4609221570596465	0
4609239068446775	0
4609277757492901	0
4609290738341065	0
4609295389819336	0
4609297454203531	0
4609297823302195	0
4609301237470838	0
4609314407059330	0
4609315581205366	0
4609320686456970	0
4609336808051643	0
4609455183888786	0
4609505561677080	0
4609509404184303	0
4609518236861896	0
4609534461480960	0
4609568249745872	0
4609577175221498	0
4609581189695673	0
4609616417400068	0
4609617215357938	0
4609620209310653	0
4609629608743446	0
4609634743091780	0
4609641823339218	0
4609650236857898	0
4609655269234780	0
4609655277623494	0
4609668070774237	0
4609672050641369	0
4609674366159161	0
4609676769766734	0
4609677352502592	0
4609680850297900	0
4609687662633728	0
4609696453629871	0
4609698978597816	0
4609721950536134	0
4610415751595799	0
4610429290285289	0
4610674715527903	0
4610745670566639	0
4610773630058956	0
4610962553832587	0
4610979809199711	0
4611004057522641	0
4611012487023147	0
4611018607820892	0
4611086218952899	0
4611139323565263	0
4611370241230677	0
4611409926947535	0
4611458862158749	0
4611477707951629	0
4611501103518298	0
4611516097893758	0
4611744725734027	0
4611766531656461	0
4611818057632728	0
4611823297364213	0
4612062241883378	0
4612067472179901	0
4612075165582797	0
4612195025160866	0
4612444846032971	0
4612454799904219	0
4612481311574648	0
4612482570912538	0
4612483546874998	0
4612483710976273	0
4612484303160707	0
4612490685841609	0
4612497019766946	0
4612497669882166	0
4612501532316243	0
4612502464498932	0
4612503709681928	0
4612513272693760	0
4612527042333833	0
4612527235796791	0
4612527588117997	0
4612539193231166	0
4612540539602704	0
4612544729973679	0
4612545493076537	0
4612557858673053	0
4612565621016562	0
4612567177889977	0
4612579764736974	0
4612585909125850	0
4612587264936227	0
4612594796596873	0
4612597888062584	0
4612629325153155	0
4612649948808628	0
4612740540532157	0
4612746815737300	0
4612755888278342	0
4612759134408087	0
4612761324096554	0
4612770051658295	0
4612770103036163	0
4612774027592114	0
4612774771296178	0
4612777471380252	0
4612788050462637	0
4612789123419702	0
4612790659318285	0
4612791417440678	0
4612791946186846	0
4612792005690876	0
4612796010728246	0
4612797441246287	0
4612798828514666	0
4612799139415633	0
4612801379173649	0
4612805313692286	0
4612805572955539	0
4612805598908323	0
4612813760762161	0
4612835353826370	0
4612839949731452	0
4612843238070148	0
4612845084346555	0
4612846216806714	0
4612848531800283	0
4612849986702972	0
4612851056510345	0
4612859047186420	0
4612869641209882	0
4612870827934872	0
4612875157507714	0
4612875337337551	0
4612875933188908	0
4612881201498207	0
4612882409456060	0
4612883930942192	0
4612884765609533	0
4612886694985799	0
4612886909949530	0
4612891515032725	0
4612896610326739	0
4612898431173535	0
4612901481222211	0
4612902513021512	0
4612907264639193	0
4612907696919861	0
4612910447592468	0
4612921730536782	0
4612923026837790	0
4612923957447643	0
4612942580943431	0
4612954551487279	0
4612964618077910	0
4612966337742437	0
4612993695876601	0
4613119316331998	0
4613124742709445	0
4613125477763483	0
4613131630283238	0
4613134701039813	0
4613134830798218	0
4613139401806090	0
4613139402594905	0
4613140710951692	0
4613140988299713	0
4613149582428698	0
4613154854932194	0
4613155584216279	0
4613155945447809	0
4613157483448808	0
4613166250066880	0
4613167709949690	0
4613171475647161	0
4613175884644957	0
4613183056644411	0
4613183349720135	0
4613184500009216	0
4613184726765290	0
4613190300733688	0
4613193592209475	0
4613193710439677	0
4613195702735023	0
4613195786619859	0
4613200395895792	0
4613206348140913	0
4613207211904304	0
4613211230569776	0
4613217579434906	0
4613217844724096	0
4613224962199240	0
4613226794846130	0
4613239604775168	0
4613241080382220	0
4613242771475451	0
4613253046736384	0
4613255781945732	0
4613256424194677	0
4613260257265707	0
4613263125643864	0
4613267747771466	0
4613269157054172	0
4613274286688790	0
4613279421565542	0
4613283191458618	0
4613284135178762	0
4613284299541751	0
4613284755413340	0
4613284788962265	0
4613290808574708	0
4613294558284448	0
4613300458883103	0
4613300598348491	0
4613304494066945	0
4613306008998356	0
4613308118205055	0
4613312191140663	0
4613313013744154	0
4613313055162761	0
4613316360279493	0
4613320601242488	0
4613321389509351	0
4613330579231462	0
4613351654821410	0
4613354762535139	0
4613362677711773	0
4613441387496544	0
4613473495944327	0
4613475298706381	0
4613479685947791	0
4613484598003530	0
4613494240446390	0
4613495234233060	0
4613495695607028	0
4613496753620231	0
4613496824924555	0
4613499009369267	0
4613499420936293	0
4613500910176407	0
4613503526900174	0
4613506563311235	0
4613507674801112	0
4613509726339781	0
4613510007623040	0
4613511261458304	0
4613511479561063	0
4613513454551192	0
4613513799011113	0
4613514284498952	0
4613515421944403	0
4613515518153086	0
4613518274594466	0
4613520685273063	0
4613521248094116	0
4613523277616313	0
4613525161383712	0
4613528055450157	0
4613528641865729	0
4613529284642492	0
4613533217590256	0
4613534358702317	0
4613534878795698	0
4613535022450256	0
4613538440548812	0
4613538499003991	0
4613539728461707	0
4613541661246222	0
4613542613094124	0
4613542647432519	0
4613542844570066	0
4613543305675553	0
4613543900481294	0
4613548040258458	0
4613550309378774	0
4613553883447852	0
4613554642094772	0
4613555854250813	0
4613556089918640	0
4613558405170415	0
4613560896063355	0
4613561324409128	0
4613564247048966	0
4613565946530435	0
4613566009444421	0
4613569985119682	0
4613571201469346	0
4613573231775470	0
4613573530095412	0
4613573789093781	0
4613574376560783	0
4613577611413406	0
4613578357215884	0
4613588772192841	0
4613588889370752	0
4613589074447432	0
4613591594176911	0
4613592382443776	0
4613592952867279	0
4613594291115319	0
4613604525474685	0
4613605545478527	0
4613607645512436	0
4613613761069915	0
4613629657222950	0
4613630253602282	0
4613631008050922	0
4613632657459458	0
4613637756949250	0
4613643960583636	0
4613653283736011	0
4613660775024844	0
4613676973689453	0
4613678810271894	0
4613688315347669	0
4613701463965886	0
4613826929232183	0
4613829479366735	0
4613850122947761	0
4613856876562808	0
4613857697596757	0
4613857723813202	0
4613857870089060	0
4613861674586220	0
4613864975240186	0
4613865469645701	0
4613870432293499	0
4613870763118025	0
4613871879063156	0
4613872550679332	0
4613882326288573	0
4613886576427353	0
4613888672271208	0
4613889482037670	0
4613891273523496	0
4613892204924331	0
4613894956649093	0
4613896558872888	0
4613900904171590	0
4613901037344870	0
4613901163956823	0
4613902844823150	0
4613903684470337	0
4613904133784469	0
4613904594636512	0
4613905751738666	0
4613910420000189	0
4613911993386497	0
4613913100946145	0
4613913541349649	0
4613915752006062	0
4613918100557239	0
4613920348443587	0
4613920587779224	0
4613921552467377	0
4613923128476152	0
4613931182331961	0
4613931605166509	0
4613939285462969	0
4613939676319747	0
4613939809747454	0
4613948509260689	0
4613949544203837	0
4613951084039864	0
4613951402543863	0
4613951558517238	0
4613952308777279	0
4613955391324862	0
4613955521348741	0
4613958293783542	0
4613958470206002	0
4613958742577657	0
4613961394163275	0
4613961934181276	0
4613965117655532	0
4613967358723935	0
4613967416658774	0
4613978917963161	0
4613981980067533	0
4613984591809294	0
4613985309038116	0
4613989822370473	0
4613991596819649	0
4613992401600906	0
4613992523500042	0
4613994659449582	0
4613994978214880	0
4613997360317620	0
4614004797079589	0
4614032050882371	0
4614047834576345	0
4614054872880238	0
4614107631715961	0
4614178826094520	0
4614181263508351	0
4614213169578607	0
4614217011563297	0
4614218298951595	0
4614221818497940	0
4614225000923685	0
4614247991215397	0
4614255724724308	0
4614257632609079	0
4614260493388186	0
4614264922574845	0
4614270752654472	0
4614280198229602	0
4614284443125091	0
4614288327577612	0
4614290675601226	0
4614295221964226	0
4614296480516647	0
4614309684709336	0
4614323186697752	0
4614324910557619	0
4614325761213148	0
4614332459256878	0
4614344383662494	0
4614345742615864	0
4614359186146969	0
4614360179671786	0
4614362456919652	0
4614365690990222	0
4614370821148532	0
4614375161204221	0
4614380165534236	0
4614382678705143	0
4614386037296524	0
4614389082621746	0
4614390869137653	0
4614391532880181	0
4614402706507960	0
4614419080022855	0
4614425094916288	0
4614427477542276	0
4614441213363715	0
4614454438527521	0
4614466227930041	0
4614559366647326	0
4614569681224156	0
4614581173094070	0
4614582553281265	0
4614595279061547	0
4614598554293687	0
4614602288269882	0
4614610734550985	0
4614616765957134	0
4614621829007413	0
4614632586612639	0
4614640237543542	0
4614646567014457	0
4614652401287755	0
4614654473274156	0
4614658532837163	0
4614659447982539	0
4614676103040391	0
4614676241712663	0
4614685335491132	0
4614688622776964	0
4614691051275237	0
4614693257479146	0
4614694591529853	0
4614695954944637	0
4614704159524065	0
4614724594175295	0
4614975576084519	0
4615432008630353	0
4615511889679928	0
4615695683817068	0
4615757244400314	0
4615841489885005	0
4615841705100457	0
4615846650183908	0
4615847677527452	0
4615849672966303	0
4615863275363563	0
4615867389973300	0
4616017236724051	0
4616021887945839	0
4616023623338637	0
4616024908105784	0
4616033195262609	0
4616035179169278	0
4616038522290909	0
4616042746220160	0
4616044956095912	0
4616045753796351	0
4616050047979524	0
4616054829485873	0
4616090699170634	0
4616090715425218	0
4616110597211971	0
4616112203105374	0
4616126350495207	0
4616130595132121	0
4616132306669325	0
4616133153653293	0
4616134991021098	0
4616136891305093	0
4616145388962327	0
4616147867010215	0
4616148194693017	0
4616152560700680	0
4616152887594047	0
4616155023542480	0
4616160303123420	0
4616165140205216	0
4616171997628886	0
4616198043735418	0
4616199566005268	0
4616227059664847	0
4616241816278260	0
4616245548157836	0
4616262473222226	0
4616340490421453	0
4616380957593195	0
4616382396237447	0
4616385970571521	0
4616386360116189	0
4616392513159629	0
4616394975743071	0
4616400842260595	0
4616404940358212	0
4616408388339256	0
4616408652060723	0
4616412981629002	0
4616415732564174	0
4616416298798226	0
4616420430976235	0
4616421768957054	0
4616430563363644	0
4616438637138209	0
4616440147084667	0
4616442953335963	0
4616443838073030	0
4616451325690064	0
4616462235341482	0
4616470300198048	0
4616476839646722	0
4616480768919976	0
4616484821406551	0
4616487962152080	0
4616488969308097	0
4616492609965982	0
4616504069327238	0
4616510763173437	0
4616513124830974	0
4616516396384415	0
4616517985768220	0
4616529981736471	0
4616530027087310	0
4616534775305353	0
4616545651133782	0
4616549354964048	0
4616559844659950	0
4616567511843947	0
4616573131692205	0
4616576512562879	0
4616579314354173	0
4616584599178063	0
4616591168244176	0
4616609765264669	0
4616708779671843	0
4616719383658859	0
4616726727886758	0
4616732897707655	0
4616733085929562	0
4616733899886443	0
4616736499828356	0
4616745661236303	0
4616750677623959	0
4616754103587318	0
4616755732021360	0
4616758046491006	0
4616758243100294	0
4616759035825091	0
4616767470831981	0
4616769627756767	0
4616780209461412	0
4616780834408377	0
4616780893390783	0
4616783447722588	0
4616785917643820	0
4616786631200791	0
4616790619456717	0
4616791013197404	0
4616795962737492	0
4616797300986176	0
4616806649828505	0
4616808671222746	0
4616815273836874	0
4616818515513171	0
4616823418655946	0
4616823661661759	0
4616833582237081	0
4616840644922577	0
4616841152695292	0
4616842359868305	0
4616843434397359	0
4616846324010814	0
4616850744807068	0
4616852087507419	0
4616853391410720	0
4616861423770093	0
4616862753360925	0
4616869459526749	0
4616873490777488	0
4616874119138692	0
4616878636403809	0
4616879412613071	0
4616880645997032	0
4616880800663192	0
4616888547541171	0
4616894529671117	0
4616895213342889	0
4616902003132516	0
4616914725243119	0
4616918113196180	0
4616921967758276	0
4616923033113247	0
4616925092781581	0
4616936979697531	0
4616937398865394	0
4616955052692898	0
4616957053110631	0
4616958002073553	0
4617007494070305	0
4617073416208483	0
4617100205754796	0
4617105913416344	0
4617110564635875	0
4617119034248707	0
4617119461016936	0
4617124402430323	0
4617135534376593	0
4617136440086803	0
4617143280206999	0
4617147055607516	0
4617147538739926	0
4617148624801198	0
4617155868099731	0
4617167578074827	0
4617820245852782	0
4618954465609017	0
4619443780454586	0
4619717597729265	0
4619773692089509	0
4620139524524018	0
4620505371643381	0
4620749769540859	0
4621179892270600	0
4621185394414684	0
4628864318312106	0